{
    "aabb": [
        [
            -0.5,
            -0.5,
            -0.5
        ],
        [
            0.5,
            0.5,
            0.5
        ]
    ],
    "scale": 0.4548708922924493,
    "offset": [
        0.0003513246774673462,
        0.0024179071187973022,
        -0.2072967141866684
    ],
    "frames": [
        {
            "file_path": "000.png",
            "camera_angle_x": 0.6981317007977318,
            "transform_matrix": [
                [
                    0.6924389600753784,
                    -0.7139564156532288,
                    -0.10389693826436996,
                    -0.20779405534267426
                ],
                [
                    -0.7214764952659607,
                    -0.6852215528488159,
                    -0.09971525520086288,
                    -0.1994309276342392
                ],
                [
                    -7.959585701655669e-08,
                    0.1440059244632721,
                    -0.9895768761634827,
                    -1.9791536331176758
                ],
                [
                    0,
                    0,
                    0,
                    1
                ]
            ]
        },
        {
            "file_path": "001.png",
            "camera_angle_x": 0.6981317007977318,
            "transform_matrix": [
                [
                    -0.6924391388893127,
                    0.6947169899940491,
                    0.19467046856880188,
                    0.389340877532959
                ],
                [
                    0.7214764952659607,
                    0.6667565107345581,
                    0.18683552742004395,
                    0.3736709952354431
                ],
                [
                    1.3748240768052256e-08,
                    0.269822359085083,
                    -0.9629102945327759,
                    -1.925820231437683
                ],
                [
                    0,
                    0,
                    0,
                    1
                ]
            ]
        },
        {
            "file_path": "002.png",
            "camera_angle_x": 0.6981317007977318,
            "transform_matrix": [
                [
                    0.7214764356613159,
                    0.6482914686203003,
                    0.2432897537946701,
                    0.486579567193985
                ],
                [
                    0.6924389600753784,
                    -0.6754776835441589,
                    -0.2534920871257782,
                    -0.506984293460846
                ],
                [
                    2.894111794660148e-08,
                    0.35135188698768616,
                    -0.9362435340881348,
                    -1.87248694896698
                ],
                [
                    0,
                    0,
                    0,
                    1
                ]
            ]
        },
        {
            "file_path": "003.png",
            "camera_angle_x": 0.6981317007977318,
            "transform_matrix": [
                [
                    -0.7214763760566711,
                    -0.6298264265060425,
                    -0.287733256816864,
                    -0.5754664540290833
                ],
                [
                    -0.6924390196800232,
                    0.6562381982803345,
                    0.299799382686615,
                    0.5995986461639404
                ],
                [
                    -2.434894597058701e-08,
                    0.41553592681884766,
                    -0.9095767736434937,
                    -1.8191535472869873
                ],
                [
                    0,
                    0,
                    0,
                    1
                ]
            ]
        },
        {
            "file_path": "004.png",
            "camera_angle_x": 0.6981317007977318,
            "transform_matrix": [
                [
                    0.9997891783714294,
                    -0.018128396943211555,
                    -0.009640895761549473,
                    -0.019281793385744095
                ],
                [
                    -0.020532552152872086,
                    -0.8827239871025085,
                    -0.4694429636001587,
                    -0.9388860464096069
                ],
                [
                    -7.121275791277526e-10,
                    0.4695419669151306,
                    -0.8829101324081421,
                    -1.7658202648162842
                ],
                [
                    0,
                    0,
                    0,
                    1
                ]
            ]
        },
        {
            "file_path": "005.png",
            "camera_angle_x": 0.6981317007977318,
            "transform_matrix": [
                [
                    -0.9997891783714294,
                    0.01758086308836937,
                    0.010606551542878151,
                    0.02121310494840145
                ],
                [
                    0.020532550290226936,
                    0.8560630083084106,
                    0.5164635181427002,
                    1.03292715549469
                ],
                [
                    -2.018079703347553e-09,
                    0.5165724158287048,
                    -0.8562434911727905,
                    -1.712486982345581
                ],
                [
                    0,
                    0,
                    0,
                    1
                ]
            ]
        },
        {
            "file_path": "006.png",
            "camera_angle_x": 0.6981317007977318,
            "transform_matrix": [
                [
                    0.020532548427581787,
                    0.8294019103050232,
                    0.5582749247550964,
                    1.1165498495101929
                ],
                [
                    0.9997892379760742,
                    -0.01703338883817196,
                    -0.011465233750641346,
                    -0.022930454462766647
                ],
                [
                    9.699325786982627e-09,
                    0.5583926439285278,
                    -0.829576849937439,
                    -1.6591535806655884
                ],
                [
                    0,
                    0,
                    0,
                    1
                ]
            ]
        },
        {
            "file_path": "007.png",
            "camera_angle_x": 0.6981317007977318,
            "transform_matrix": [
                [
                    -0.02053261175751686,
                    -0.8027408719062805,
                    -0.595974326133728,
                    -1.1919488906860352
                ],
                [
                    -0.9997891187667847,
                    0.016485974192619324,
                    0.012239440344274044,
                    0.024478914216160774
                ],
                [
                    9.379949972299073e-08,
                    0.5961000323295593,
                    -0.8029100894927979,
                    -1.6058202981948853
                ],
                [
                    0,
                    0,
                    0,
                    1
                ]
            ]
        },
        {
            "file_path": "008.png",
            "camera_angle_x": 0.6981317007977318,
            "transform_matrix": [
                [
                    0.9158273339271545,
                    -0.3117178976535797,
                    -0.2531645596027374,
                    -0.5063291192054749
                ],
                [
                    -0.4015723168849945,
                    -0.710905134677887,
                    -0.5773679614067078,
                    -1.1547359228134155
                ],
                [
                    -3.845573814942327e-08,
                    0.6304332613945007,
                    -0.7762436270713806,
                    -1.5524868965148926
                ],
                [
                    0,
                    0,
                    0,
                    1
                ]
            ]
        },
        {
            "file_path": "009.png",
            "camera_angle_x": 0.6981317007977318,
            "transform_matrix": [
                [
                    -0.9158272743225098,
                    0.3010093569755554,
                    0.26580774784088135,
                    0.5316154360771179
                ],
                [
                    0.40157240629196167,
                    0.6864829063415527,
                    0.6062020063400269,
                    1.2124040126800537
                ],
                [
                    1.1195678162323475e-08,
                    0.6619173884391785,
                    -0.74957674741745,
                    -1.4991536140441895
                ],
                [
                    0,
                    0,
                    0,
                    1
                ]
            ]
        },
        {
            "file_path": "010.png",
            "camera_angle_x": 0.6981317007977318,
            "transform_matrix": [
                [
                    0.40157222747802734,
                    0.6620609164237976,
                    0.6327837109565735,
                    1.2655671834945679
                ],
                [
                    0.9158274531364441,
                    -0.2903008460998535,
                    -0.27746322751045227,
                    -0.5549264550209045
                ],
                [
                    -1.2213989819542803e-08,
                    0.690942108631134,
                    -0.7229103446006775,
                    -1.4458202123641968
                ],
                [
                    0,
                    0,
                    0,
                    1
                ]
            ]
        },
        {
            "file_path": "011.png",
            "camera_angle_x": 0.6981317007977318,
            "transform_matrix": [
                [
                    -0.4015727639198303,
                    -0.6376389265060425,
                    -0.6573862433433533,
                    -1.314772129058838
                ],
                [
                    -0.9158275127410889,
                    0.27959197759628296,
                    0.28825098276138306,
                    0.5765018463134766
                ],
                [
                    4.997042424292886e-08,
                    0.7178059220314026,
                    -0.696243941783905,
                    -1.3924869298934937
                ],
                [
                    0,
                    0,
                    0,
                    1
                ]
            ]
        },
        {
            "file_path": "012.png",
            "camera_angle_x": 0.6981317007977318,
            "transform_matrix": [
                [
                    0.9315422177314758,
                    0.2434803694486618,
                    0.2700859606266022,
                    0.5401718616485596
                ],
                [
                    0.3636332154273987,
                    -0.6237390637397766,
                    -0.691896378993988,
                    -1.3837926387786865
                ],
                [
                    -2.1453068654864182e-08,
                    0.7427428960800171,
                    -0.6695768237113953,
                    -1.3391536474227905
                ],
                [
                    0,
                    0,
                    0,
                    1
                ]
            ]
        },
        {
            "file_path": "013.png",
            "camera_angle_x": 0.6981317007977318,
            "transform_matrix": [
                [
                    -0.931542694568634,
                    -0.23378346860408783,
                    -0.2785218358039856,
                    -0.5570435523986816
                ],
                [
                    -0.36363324522972107,
                    0.5988978147506714,
                    0.7135071754455566,
                    1.4270139932632446
                ],
                [
                    1.1829897061943484e-09,
                    0.765941858291626,
                    -0.6429104804992676,
                    -1.2858202457427979
                ],
                [
                    0,
                    0,
                    0,
                    1
                ]
            ]
        },
        {
            "file_path": "014.png",
            "camera_angle_x": 0.6981317007977318,
            "transform_matrix": [
                [
                    -0.36363330483436584,
                    0.5740569233894348,
                    0.733641505241394,
                    1.467282772064209
                ],
                [
                    0.9315423369407654,
                    0.22408638894557953,
                    0.28638142347335815,
                    0.5727627277374268
                ],
                [
                    7.06664522454048e-08,
                    0.7875558137893677,
                    -0.6162436604499817,
                    -1.2324869632720947
                ],
                [
                    0,
                    0,
                    0,
                    1
                ]
            ]
        },
        {
            "file_path": "015.png",
            "camera_angle_x": 0.6981317007977318,
            "transform_matrix": [
                [
                    0.36363309621810913,
                    -0.5492157340049744,
                    -0.7524182796478271,
                    -1.5048363208770752
                ],
                [
                    -0.9315423369407654,
                    -0.21438990533351898,
                    -0.2937110364437103,
                    -0.5874219536781311
                ],
                [
                    -2.3800488690994825e-08,
                    0.8077124357223511,
                    -0.5895770192146301,
                    -1.179153561592102
                ],
                [
                    0,
                    0,
                    0,
                    1
                ]
            ]
        },
        {
            "file_path": "016.png",
            "camera_angle_x": 0.6981317007977318,
            "transform_matrix": [
                [
                    0.8198869824409485,
                    -0.3222804069519043,
                    -0.473202645778656,
                    -0.9464050531387329
                ],
                [
                    -0.5725254416465759,
                    -0.4615231156349182,
                    -0.6776516437530518,
                    -1.3553030490875244
                ],
                [
                    5.246276302273145e-09,
                    0.8265182971954346,
                    -0.5629105567932129,
                    -1.125820279121399
                ],
                [
                    0,
                    0,
                    0,
                    1
                ]
            ]
        },
        {
            "file_path": "017.png",
            "camera_angle_x": 0.6981317007977318,
            "transform_matrix": [
                [
                    -0.8198872804641724,
                    0.30701297521591187,
                    0.48324763774871826,
                    0.9664952754974365
                ],
                [
                    0.5725253224372864,
                    0.4396589994430542,
                    0.6920367479324341,
                    1.384073257446289
                ],
                [
                    2.7286686687943984e-08,
                    0.8440634608268738,
                    -0.5362436175346375,
                    -1.0724868774414062
                ],
                [
                    0,
                    0,
                    0,
                    1
                ]
            ]
        },
        {
            "file_path": "018.png",
            "camera_angle_x": 0.6981317007977318,
            "transform_matrix": [
                [
                    0.5725253224372864,
                    0.41779541969299316,
                    0.705451488494873,
                    1.410902976989746
                ],
                [
                    0.8198870420455933,
                    -0.291745662689209,
                    -0.4926151931285858,
                    -0.9852303862571716
                ],
                [
                    2.8540341645566514e-08,
                    0.8604251742362976,
                    -0.5095768570899963,
                    -1.0191535949707031
                ],
                [
                    0,
                    0,
                    0,
                    1
                ]
            ]
        },
        {
            "file_path": "019.png",
            "camera_angle_x": 0.6981317007977318,
            "transform_matrix": [
                [
                    -0.5725253224372864,
                    -0.39593183994293213,
                    -0.7179504632949829,
                    -1.4359008073806763
                ],
                [
                    -0.819887101650238,
                    0.27647820115089417,
                    0.5013431906700134,
                    1.0026863813400269
                ],
                [
                    -2.228570394890994e-08,
                    0.8756699562072754,
                    -0.48291024565696716,
                    -0.9658202528953552
                ],
                [
                    0,
                    0,
                    0,
                    1
                ]
            ]
        },
        {
            "file_path": "020.png",
            "camera_angle_x": 0.6981317007977318,
            "transform_matrix": [
                [
                    0.9845842123031616,
                    0.07980210334062576,
                    0.15564560890197754,
                    0.3112911581993103
                ],
                [
                    0.17491120100021362,
                    -0.4492105543613434,
                    -0.8761374354362488,
                    -1.7522743940353394
                ],
                [
                    -1.1268802779795806e-08,
                    0.8898552656173706,
                    -0.4562439024448395,
                    -0.9124869108200073
                ],
                [
                    0,
                    0,
                    0,
                    1
                ]
            ]
        },
        {
            "file_path": "021.png",
            "camera_angle_x": 0.6981317007977318,
            "transform_matrix": [
                [
                    -0.9845842719078064,
                    -0.07513777166604996,
                    -0.15795008838176727,
                    -0.31590017676353455
                ],
                [
                    -0.17491115629673004,
                    0.4229545295238495,
                    0.8891094326972961,
                    1.7782188653945923
                ],
                [
                    7.427487958011625e-09,
                    0.9030303359031677,
                    -0.4295768737792969,
                    -0.8591535687446594
                ],
                [
                    0,
                    0,
                    0,
                    1
                ]
            ]
        },
        {
            "file_path": "022.png",
            "camera_angle_x": 0.6981317007977318,
            "transform_matrix": [
                [
                    -0.17491109669208527,
                    0.396698921918869,
                    0.9011304378509521,
                    1.8022608757019043
                ],
                [
                    0.9845842123031616,
                    0.07047340273857117,
                    0.16008557379245758,
                    0.3201712369918823
                ],
                [
                    4.09591649486174e-08,
                    0.9152395725250244,
                    -0.4029100835323334,
                    -0.8058202862739563
                ],
                [
                    0,
                    0,
                    0,
                    1
                ]
            ]
        },
        {
            "file_path": "023.png",
            "camera_angle_x": 0.6981317007977318,
            "transform_matrix": [
                [
                    0.17491112649440765,
                    -0.3704434335231781,
                    -0.912237823009491,
                    -1.8244755268096924
                ],
                [
                    -0.9845842719078064,
                    -0.06580916792154312,
                    -0.16205886006355286,
                    -0.3241176903247833
                ],
                [
                    6.876928182464326e-08,
                    0.9265208840370178,
                    -0.37624356150627136,
                    -0.7524869441986084
                ],
                [
                    0,
                    0,
                    0,
                    1
                ]
            ]
        },
        {
            "file_path": "024.png",
            "camera_angle_x": 0.6981317007977318,
            "transform_matrix": [
                [
                    0.9765728116035461,
                    -0.07522444427013397,
                    -0.20161060988903046,
                    -0.40322113037109375
                ],
                [
                    -0.21518725156784058,
                    -0.3413873314857483,
                    -0.9149588346481323,
                    -1.8299171924591064
                ],
                [
                    -4.806000930557275e-09,
                    0.936907947063446,
                    -0.3495769500732422,
                    -0.6991536021232605
                ],
                [
                    0,
                    0,
                    0,
                    1
                ]
            ]
        },
        {
            "file_path": "025.png",
            "camera_angle_x": 0.6981317007977318,
            "transform_matrix": [
                [
                    -0.9765729308128357,
                    0.06948614120483398,
                    0.2036595493555069,
                    0.4073191285133362
                ],
                [
                    0.215187206864357,
                    0.31534531712532043,
                    0.9242574572563171,
                    1.8485149145126343
                ],
                [
                    -1.1856926995790218e-08,
                    0.9464296698570251,
                    -0.32291027903556824,
                    -0.6458202600479126
                ],
                [
                    0,
                    0,
                    0,
                    1
                ]
            ]
        },
        {
            "file_path": "026.png",
            "camera_angle_x": 0.6981317007977318,
            "transform_matrix": [
                [
                    0.2151871621608734,
                    0.28930336236953735,
                    0.932736873626709,
                    1.865473747253418
                ],
                [
                    0.9765728712081909,
                    -0.06374779343605042,
                    -0.20552796125411987,
                    -0.4110559821128845
                ],
                [
                    -3.367949119592595e-08,
                    0.9551124572753906,
                    -0.2962435483932495,
                    -0.5924869179725647
                ],
                [
                    0,
                    0,
                    0,
                    1
                ]
            ]
        },
        {
            "file_path": "027.png",
            "camera_angle_x": 0.6981317007977318,
            "transform_matrix": [
                [
                    -0.21518731117248535,
                    -0.2632613778114319,
                    -0.9404190182685852,
                    -1.8808380365371704
                ],
                [
                    -0.9765728116035461,
                    0.05800947546958923,
                    0.20722082257270813,
                    0.4144414961338043
                ],
                [
                    -3.598959352757447e-09,
                    0.9629788994789124,
                    -0.2695768177509308,
                    -0.5391535758972168
                ],
                [
                    0,
                    0,
                    0,
                    1
                ]
            ]
        },
        {
            "file_path": "028.png",
            "camera_angle_x": 0.6981317007977318,
            "transform_matrix": [
                [
                    0.8427015542984009,
                    0.13077817857265472,
                    0.5222558379173279,
                    1.0445115566253662
                ],
                [
                    0.5383809804916382,
                    -0.20470087230205536,
                    -0.8174617290496826,
                    -1.6349233388900757
                ],
                [
                    3.920139590718463e-08,
                    0.9700488448143005,
                    -0.242910236120224,
                    -0.4858202636241913
                ],
                [
                    0,
                    0,
                    0,
                    1
                ]
            ]
        },
        {
            "file_path": "029.png",
            "camera_angle_x": 0.6981317007977318,
            "transform_matrix": [
                [
                    -0.84270179271698,
                    -0.11642131209373474,
                    -0.5256425738334656,
                    -1.0512850284576416
                ],
                [
                    -0.5383809804916382,
                    0.18222852051258087,
                    0.8227629661560059,
                    1.6455256938934326
                ],
                [
                    -1.2079459210667665e-08,
                    0.97633957862854,
                    -0.21624349057674408,
                    -0.4324869215488434
                ],
                [
                    0,
                    0,
                    0,
                    1
                ]
            ]
        },
        {
            "file_path": "030.png",
            "camera_angle_x": 0.6981317007977318,
            "transform_matrix": [
                [
                    -0.538381040096283,
                    0.1597566306591034,
                    0.8274200558662415,
                    1.6548398733139038
                ],
                [
                    0.8427016735076904,
                    0.10206446051597595,
                    0.5286179184913635,
                    1.0572357177734375
                ],
                [
                    -3.38943593192198e-08,
                    0.9818660020828247,
                    -0.1895768642425537,
                    -0.3791535794734955
                ],
                [
                    0,
                    0,
                    0,
                    1
                ]
            ]
        },
        {
            "file_path": "031.png",
            "camera_angle_x": 0.6981317007977318,
            "transform_matrix": [
                [
                    0.5383808016777039,
                    -0.13728465139865875,
                    -0.8314439654350281,
                    -1.6628878116607666
                ],
                [
                    -0.8427017331123352,
                    -0.08770786970853806,
                    -0.5311886668205261,
                    -1.0623773336410522
                ],
                [
                    -4.7674088676785686e-08,
                    0.986640989780426,
                    -0.16291028261184692,
                    -0.32582026720046997
                ],
                [
                    0,
                    0,
                    0,
                    1
                ]
            ]
        },
        {
            "file_path": "032.png",
            "camera_angle_x": 0.6981317007977318,
            "transform_matrix": [
                [
                    0.7598217725753784,
                    -0.08857611566781998,
                    -0.644069254398346,
                    -1.2881383895874023
                ],
                [
                    -0.6501314640045166,
                    -0.10352089256048203,
                    -0.7527368068695068,
                    -1.5054734945297241
                ],
                [
                    -4.610528492321464e-08,
                    0.9906755089759827,
                    -0.13624358177185059,
                    -0.27248692512512207
                ],
                [
                    0,
                    0,
                    0,
                    1
                ]
            ]
        },
        {
            "file_path": "033.png",
            "camera_angle_x": 0.6981317007977318,
            "transform_matrix": [
                [
                    -0.7598219513893127,
                    0.07123930752277374,
                    0.6462165713310242,
                    1.2924331426620483
                ],
                [
                    0.6501314640045166,
                    0.0832587257027626,
                    0.7552464604377747,
                    1.5104928016662598
                ],
                [
                    1.70164931034833e-08,
                    0.9939784407615662,
                    -0.10957684367895126,
                    -0.21915359795093536
                ],
                [
                    0,
                    0,
                    0,
                    1
                ]
            ]
        },
        {
            "file_path": "034.png",
            "camera_angle_x": 0.6981317007977318,
            "transform_matrix": [
                [
                    0.650131344795227,
                    0.06299691647291183,
                    0.7572058439254761,
                    1.514411449432373
                ],
                [
                    0.759821891784668,
                    -0.05390249937772751,
                    -0.6478930115699768,
                    -1.2957860231399536
                ],
                [
                    -5.657341262121918e-09,
                    0.9965570569038391,
                    -0.08291015028953552,
                    -0.16582025587558746
                ],
                [
                    0,
                    0,
                    0,
                    1
                ]
            ]
        },
        {
            "file_path": "035.png",
            "camera_angle_x": 0.6981317007977318,
            "transform_matrix": [
                [
                    -0.6501314043998718,
                    -0.04273506999015808,
                    -0.7586190700531006,
                    -1.5172381401062012
                ],
                [
                    -0.7598218321800232,
                    0.036565616726875305,
                    0.6491022706031799,
                    1.2982046604156494
                ],
                [
                    -4.3337109900676296e-08,
                    0.9984170794487,
                    -0.056243520230054855,
                    -0.11248692125082016
                ],
                [
                    0,
                    0,
                    0,
                    1
                ]
            ]
        },
        {
            "file_path": "036.png",
            "camera_angle_x": 0.6981317007977318,
            "transform_matrix": [
                [
                    0.9969874620437622,
                    0.002294056350365281,
                    0.07752887159585953,
                    0.15505771338939667
                ],
                [
                    0.07756280153989792,
                    -0.029487771913409233,
                    -0.9965513348579407,
                    -1.9931025505065918
                ],
                [
                    3.2824356566152346e-09,
                    0.9995625615119934,
                    -0.029576873406767845,
                    -0.059153590351343155
                ],
                [
                    0,
                    0,
                    0,
                    1
                ]
            ]
        },
        {
            "file_path": "037.png",
            "camera_angle_x": 0.6981317007977318,
            "transform_matrix": [
                [
                    -0.9969877600669861,
                    -0.00022572354646399617,
                    -0.07756248116493225,
                    -0.15512493252754211
                ],
                [
                    -0.07756280899047852,
                    0.0029013289604336023,
                    0.9969834089279175,
                    1.9939664602279663
                ],
                [
                    2.653054220758122e-09,
                    0.9999958872795105,
                    -0.002910380018875003,
                    -0.005820257123559713
                ],
                [
                    0,
                    0,
                    0,
                    1
                ]
            ]
        },
        {
            "file_path": "038.png",
            "camera_angle_x": 0.6981317007977318,
            "transform_matrix": [
                [
                    -0.07756295800209045,
                    -0.007894981652498245,
                    0.9969564080238342,
                    1.9939124584197998
                ],
                [
                    0.9969876408576965,
                    -0.0006144449580460787,
                    0.07756032794713974,
                    0.15512071549892426
                ],
                [
                    4.3752979905775646e-08,
                    0.9999688267707825,
                    0.007918646559119225,
                    0.015837691724300385
                ],
                [
                    0,
                    0,
                    0,
                    1
                ]
            ]
        },
        {
            "file_path": "039.png",
            "camera_angle_x": 0.6981317007977318,
            "transform_matrix": [
                [
                    0.07756282389163971,
                    0.01675712876021862,
                    -0.996846616268158,
                    -1.993693232536316
                ],
                [
                    -0.9969874620437622,
                    0.0013037121389061213,
                    -0.07755184173583984,
                    -0.1551036685705185
                ],
                [
                    2.9648745680788124e-08,
                    0.9998587369918823,
                    0.016807790845632553,
                    0.03361546993255615
                ],
                [
                    0,
                    0,
                    0,
                    1
                ]
            ]
        },
        {
            "file_path": "040.png",
            "camera_angle_x": 0.6981317007977318,
            "transform_matrix": [
                [
                    0.9507783055305481,
                    0.007962674833834171,
                    -0.3097696304321289,
                    -0.619539201259613
                ],
                [
                    -0.30987194180488586,
                    0.024431709200143814,
                    -0.9504643678665161,
                    -1.9009287357330322
                ],
                [
                    -2.6620263327004068e-08,
                    0.9996698498725891,
                    0.025696545839309692,
                    0.05139324814081192
                ],
                [
                    0,
                    0,
                    0,
                    1
                ]
            ]
        },
        {
            "file_path": "041.png",
            "camera_angle_x": 0.6981317007977318,
            "transform_matrix": [
                [
                    -0.9507784247398376,
                    -0.010717052966356277,
                    0.3096865713596344,
                    0.6193730235099792
                ],
                [
                    0.30987194180488586,
                    -0.03288305923342705,
                    0.9502095580101013,
                    1.900418996810913
                ],
                [
                    -2.6623922622093232e-08,
                    0.9994018077850342,
                    0.03458527848124504,
                    0.06917102634906769
                ],
                [
                    0,
                    0,
                    0,
                    1
                ]
            ]
        },
        {
            "file_path": "042.png",
            "camera_angle_x": 0.6981317007977318,
            "transform_matrix": [
                [
                    0.3098718523979187,
                    -0.04133446514606476,
                    0.9498794674873352,
                    1.8997588157653809
                ],
                [
                    0.9507783651351929,
                    0.01347140409052372,
                    -0.30957895517349243,
                    -0.6191578507423401
                ],
                [
                    1.7372514093949576e-08,
                    0.9990546107292175,
                    0.04347428306937218,
                    0.08694880455732346
                ],
                [
                    0,
                    0,
                    0,
                    1
                ]
            ]
        },
        {
            "file_path": "043.png",
            "camera_angle_x": 0.6981317007977318,
            "transform_matrix": [
                [
                    -0.3098717927932739,
                    0.04978575557470322,
                    -0.9494738578796387,
                    -1.898947834968567
                ],
                [
                    -0.9507782459259033,
                    -0.01622575893998146,
                    0.309446781873703,
                    0.6188936233520508
                ],
                [
                    1.5431805167054335e-08,
                    0.9986280202865601,
                    0.05236325040459633,
                    0.10472658276557922
                ],
                [
                    0,
                    0,
                    0,
                    1
                ]
            ]
        },
        {
            "file_path": "044.png",
            "camera_angle_x": 0.6981317007977318,
            "transform_matrix": [
                [
                    0.8914143443107605,
                    -0.027758803218603134,
                    0.4523383378982544,
                    0.904676616191864
                ],
                [
                    0.45318928360939026,
                    0.05460096523165703,
                    -0.8897405862808228,
                    -1.779481053352356
                ],
                [
                    -1.944190586300465e-09,
                    0.9981223940849304,
                    0.06125206872820854,
                    0.12250436097383499
                ],
                [
                    0,
                    0,
                    0,
                    1
